
Round: 0
00000000
00000000
00000000
00000000
00000000
00000000
00000000
00000000

Valid moves for 1:
3, 3
3, 4
4, 3
4, 4

Player 1: 3, 3

After move by Player 1
00000000
00000000
00000000
00000000
00010000
00000000
00000000
00000000


Round: 1
00000000
00000000
00000000
00000000
00010000
00000000
00000000
00000000

Valid moves for 2:
3, 4
4, 3
4, 4

Player 2: 4, 4

After move by Player 2
00000000
00000000
00000000
00002000
00010000
00000000
00000000
00000000


Round: 2
00000000
00000000
00000000
00002000
00010000
00000000
00000000
00000000

Valid moves for 1:
3, 4
4, 3

Player 1: 3, 4

After move by Player 1
00000000
00000000
00000000
00002000
00011000
00000000
00000000
00000000


Round: 3
00000000
00000000
00000000
00002000
00011000
00000000
00000000
00000000

Valid moves for 2:
4, 3

Player 2: 4, 3

After move by Player 2
00000000
00000000
00000000
00022000
00011000
00000000
00000000
00000000


Round: 4
00000000
00000000
00000000
00022000
00011000
00000000
00000000
00000000

Valid moves for 1:
5, 2
5, 3
5, 4
5, 5

Player 1: 5, 4

After move by Player 1
00000000
00000000
00001000
00021000
00011000
00000000
00000000
00000000


Round: 5
00000000
00000000
00001000
00021000
00011000
00000000
00000000
00000000

Valid moves for 2:
2, 3
2, 5
4, 5
6, 5

Player 2: 4, 5

After move by Player 2
00000000
00000000
00001000
00022200
00011000
00000000
00000000
00000000


Round: 6
00000000
00000000
00001000
00022200
00011000
00000000
00000000
00000000

Valid moves for 1:
3, 2
3, 6
5, 2
5, 3
5, 5
5, 6

Player 1: 5, 2

After move by Player 1
00000000
00000000
00101000
00012200
00011000
00000000
00000000
00000000


Round: 7
00000000
00000000
00101000
00012200
00011000
00000000
00000000
00000000

Valid moves for 2:
2, 2
2, 3
2, 4
4, 2
6, 3
6, 4

Player 2: 4, 2

After move by Player 2
00000000
00000000
00101000
00222200
00011000
00000000
00000000
00000000


Round: 8
00000000
00000000
00101000
00222200
00011000
00000000
00000000
00000000

Valid moves for 1:
3, 2
3, 6
5, 1
5, 3
5, 5
5, 6

Player 1: 5, 6

After move by Player 1
00000000
00000000
00101010
00222100
00011000
00000000
00000000
00000000


Round: 9
00000000
00000000
00101010
00222100
00011000
00000000
00000000
00000000

Valid moves for 2:
2, 2
2, 3
2, 4
2, 5
4, 6
6, 1
6, 2
6, 4
6, 5

Player 2: 2, 2

After move by Player 2
00000000
00000000
00101010
00222100
00021000
00200000
00000000
00000000


Round: 10
00000000
00000000
00101010
00222100
00021000
00200000
00000000
00000000

Valid moves for 1:
3, 2
4, 1

Player 1: 4, 1

After move by Player 1
00000000
00000000
00101010
01111100
00021000
00200000
00000000
00000000


Round: 11
00000000
00000000
00101010
01111100
00021000
00200000
00000000
00000000

Valid moves for 2:
3, 5
5, 1
5, 3
5, 5

Player 2: 5, 1

After move by Player 2
00000000
00000000
02101010
01211100
00021000
00200000
00000000
00000000


Round: 12
00000000
00000000
02101010
01211100
00021000
00200000
00000000
00000000

Valid moves for 1:
1, 1
2, 3
3, 2
5, 0
6, 1

Player 1: 5, 0

After move by Player 1
00000000
00000000
11101010
01211100
00021000
00200000
00000000
00000000


Round: 13
00000000
00000000
11101010
01211100
00021000
00200000
00000000
00000000

Valid moves for 2:
3, 5
4, 0
4, 6
5, 3
5, 5
6, 0
6, 2

Player 2: 4, 0

After move by Player 2
00000000
00000000
11101010
22211100
00021000
00200000
00000000
00000000


Round: 14
00000000
00000000
11101010
22211100
00021000
00200000
00000000
00000000

Valid moves for 1:
1, 1
2, 3
2, 4
3, 0
3, 1
3, 2

Player 1: 1, 1

After move by Player 1
00000000
00000000
11101010
22211100
00011000
00100000
01000000
00000000


Round: 15
00000000
00000000
11101010
22211100
00011000
00100000
01000000
00000000

Valid moves for 2:
2, 4
4, 6
6, 0
6, 1
6, 2
6, 3

Player 2: 6, 1

After move by Player 2
00000000
02000000
12101010
22211100
00011000
00100000
01000000
00000000


Round: 16
00000000
02000000
12101010
22211100
00011000
00100000
01000000
00000000

Valid moves for 1:
3, 0
3, 2
6, 0
7, 0
7, 2

Player 1: 7, 2

After move by Player 1
00100000
01000000
12101010
22211100
00011000
00100000
01000000
00000000


Round: 17
00100000
01000000
12101010
22211100
00011000
00100000
01000000
00000000

Valid moves for 2:
2, 4
4, 6
5, 3
6, 0
6, 2
6, 3
7, 1

Player 2: 6, 2

After move by Player 2
00100000
01200000
12201010
22211100
00011000
00100000
01000000
00000000


Round: 18
00100000
01200000
12201010
22211100
00011000
00100000
01000000
00000000

Valid moves for 1:
3, 0
3, 1
3, 2
5, 3
6, 0
6, 3

Player 1: 3, 1

After move by Player 1
00100000
01200000
11201010
21211100
01011000
00100000
01000000
00000000


Round: 19
00100000
01200000
11201010
21211100
01011000
00100000
01000000
00000000

Valid moves for 2:
1, 3
2, 0
2, 4
2, 5
3, 0
4, 6
6, 0
7, 0

Player 2: 2, 4

After move by Player 2
00100000
01200000
11201010
21211100
01021000
00102000
01000000
00000000


Round: 20
00100000
01200000
11201010
21211100
01021000
00102000
01000000
00000000

Valid moves for 1:
1, 4
1, 5
2, 3
3, 0
3, 2
5, 3
6, 3
7, 3

Player 1: 6, 3

After move by Player 1
00100000
01110000
11101010
21211100
01021000
00102000
01000000
00000000


Round: 21
00100000
01110000
11101010
21211100
01021000
00102000
01000000
00000000

Valid moves for 2:
0, 0
1, 3
2, 0
3, 5
4, 6
5, 3
5, 5
6, 0
6, 4
7, 3

Player 2: 1, 3

After move by Player 2
00100000
01110000
11101010
21211100
02021000
00202000
01020000
00000000


Round: 22
00100000
01110000
11101010
21211100
02021000
00202000
01020000
00000000

Valid moves for 1:
1, 4
1, 5
2, 1
2, 3
3, 0
3, 2

Player 1: 2, 1

After move by Player 1
00100000
01110000
11101010
21211100
01021000
01202000
01020000
00000000


Round: 23
00100000
01110000
11101010
21211100
01021000
01202000
01020000
00000000

Valid moves for 2:
0, 0
2, 0
3, 5
4, 6
5, 3
5, 5
6, 0
6, 4
7, 3

Player 2: 4, 6

After move by Player 2
00100000
01110000
11101010
21222220
01021000
01202000
01020000
00000000


Round: 24
00100000
01110000
11101010
21222220
01021000
01202000
01020000
00000000

Valid moves for 1:
0, 4
1, 4
1, 5
2, 3
3, 0
3, 2
3, 6
4, 7
5, 3
5, 5

Player 1: 1, 5

After move by Player 1
00100000
01110000
11101010
21122220
01011000
01201000
01020100
00000000


Round: 25
00100000
01110000
11101010
21122220
01011000
01201000
01020100
00000000

Valid moves for 2:
0, 0
1, 4
2, 0
2, 3
2, 5
3, 5
6, 0
6, 4
6, 5
6, 6
6, 7
7, 0
7, 3

Player 2: 6, 5

After move by Player 2
00100000
01110200
11102010
21122220
01011000
01201000
01020100
00000000


Round: 26
00100000
01110200
11102010
21122220
01011000
01201000
01020100
00000000

Valid moves for 1:
0, 2
0, 4
2, 3
3, 0
3, 6
4, 7
5, 3
5, 5
6, 4
7, 4

Player 1: 4, 7

After move by Player 1
00100000
01110200
11102010
21111111
01011000
01201000
01020100
00000000


Round: 27
00100000
01110200
11102010
21111111
01011000
01201000
01020100
00000000

Valid moves for 2:
0, 0
1, 4
2, 0
3, 2
3, 5
3, 6
5, 5
6, 0
7, 3

Player 2: 0, 0

After move by Player 2
00100000
01110200
11102010
21111111
01011000
01201000
02020100
20000000


Round: 28
00100000
01110200
11102010
21111111
01011000
01201000
02020100
20000000

Valid moves for 1:
0, 1
0, 2
0, 4
2, 3
3, 0
6, 4
7, 4
7, 6

Player 1: 0, 1

After move by Player 1
00100000
01110200
11102010
21111111
01011000
01201000
01020100
21000000


Round: 29
00100000
01110200
11102010
21111111
01011000
01201000
01020100
21000000

Valid moves for 2:
0, 2
1, 4
2, 0
3, 2
3, 5
3, 6
5, 5
6, 0
7, 3

Player 2: 3, 5

After move by Player 2
00100000
01110200
11102010
21111111
01011200
01202000
01020100
21000000


Round: 30
00100000
01110200
11102010
21111111
01011200
01202000
01020100
21000000

Valid moves for 1:
0, 2
0, 4
1, 4
2, 3
2, 5
2, 6
3, 0
3, 6
6, 4
7, 4
7, 6

Player 1: 2, 6

After move by Player 1
00100000
01110200
11102010
21111111
01011100
01202010
01020100
21000000


Round: 31
00100000
01110200
11102010
21111111
01011100
01202010
01020100
21000000

Valid moves for 2:
0, 2
0, 6
2, 0
3, 2
3, 6
5, 5
5, 7
6, 0
7, 3

Player 2: 7, 3

After move by Player 2
00120000
01210200
12102010
21111111
01011100
01202010
01020100
21000000


Round: 32
00120000
01210200
12102010
21111111
01011100
01202010
01020100
21000000

Valid moves for 1:
0, 2
0, 4
1, 4
2, 3
3, 0
6, 0
6, 4
7, 4
7, 6

Player 1: 0, 2

After move by Player 1
00120000
01210200
12102010
21111111
01011100
01201010
01010100
21100000


Round: 33
00120000
01210200
12102010
21111111
01011100
01201010
01010100
21100000

Valid moves for 2:
0, 3
0, 4
0, 6
1, 4
2, 0
3, 2
3, 6
5, 3
5, 5
6, 0
6, 4
7, 1

Player 2: 0, 4

After move by Player 2
00120000
01210200
12102010
21111111
01011100
01201010
01020100
21102000


Round: 34
00120000
01210200
12102010
21111111
01011100
01201010
01020100
21102000

Valid moves for 1:
2, 3
3, 0
6, 0
6, 4
7, 4
7, 6

Player 1: 7, 6

After move by Player 1
00120010
01210100
12101010
21111111
01011100
01201010
01020100
21102000


Round: 35
00120010
01210100
12101010
21111111
01011100
01201010
01020100
21102000

Valid moves for 2:
0, 3
0, 6
2, 0
3, 2
3, 7
5, 3
5, 5
5, 7
6, 0
6, 4
7, 1

Player 2: 5, 5

After move by Player 2
00120010
01210100
12101210
21112111
01021100
01201010
01020100
21102000


Round: 36
00120010
01210100
12101210
21112111
01021100
01201010
01020100
21102000

Valid moves for 1:
2, 3
3, 0
3, 2
5, 3
6, 0
6, 4
6, 6
7, 4

Player 1: 3, 2

After move by Player 1
00120010
01210100
12101210
21112111
01111100
01201010
01020100
21102000


Round: 37
00120010
01210100
12101210
21112111
01111100
01201010
01020100
21102000

Valid moves for 2:
0, 3
0, 6
1, 4
1, 7
2, 0
2, 5
3, 7
5, 3
5, 7
6, 0
6, 4
7, 1
7, 5

Player 2: 2, 0

After move by Player 2
00120010
01210100
12101210
21112111
01111100
22201010
01020100
21102000


Round: 38
00120010
01210100
12101210
21112111
01111100
22201010
01020100
21102000

Valid moves for 1:
1, 0
1, 2
3, 0
5, 3
6, 0
6, 4
6, 6
7, 4

Player 1: 7, 4

After move by Player 1
00111010
01210100
12101210
21112111
01111100
22201010
01020100
21102000


Round: 39
00111010
01210100
12101210
21112111
01111100
22201010
01020100
21102000

Valid moves for 2:
0, 3
0, 6
1, 4
1, 7
2, 5
3, 7
5, 3
5, 7
6, 0
6, 4
7, 1
7, 5

Player 2: 3, 7

After move by Player 2
00111010
01210100
12101210
21112121
01111102
22201020
01020200
21102000


Round: 40
00111010
01210100
12101210
21112121
01111102
22201020
01020200
21102000

Valid moves for 1:
0, 6
1, 0
1, 2
1, 7
2, 7
3, 0
3, 6
5, 3
5, 7
6, 0
6, 6

Player 1: 5, 7

After move by Player 1
00111010
01210100
12101211
21112111
01111102
22201020
01020200
21102000


Round: 41
00111010
01210100
12101211
21112111
01111102
22201020
01020200
21102000

Valid moves for 2:
0, 3
1, 4
2, 5
5, 3
6, 0
6, 4
6, 7
7, 1
7, 5

Player 2: 0, 3

After move by Player 2
00111010
01210100
12101211
21112111
01111102
22201020
01020200
22222000


Round: 42
00111010
01210100
12101211
21112111
01111102
22201020
01020200
22222000

Valid moves for 1:
0, 6
1, 0
1, 2
1, 7
2, 7
3, 0
5, 3
6, 0
6, 4
6, 6

Player 1: 6, 6

After move by Player 1
00111010
01210110
12101111
21111111
01111102
22201020
01020200
22222000


Round: 43
00111010
01210110
12101111
21111111
01111102
22201020
01020200
22222000

Valid moves for 2:
5, 3
6, 0
6, 4
6, 7
7, 1
7, 7

Player 2: 6, 7

After move by Player 2
00111010
01210112
12101112
21111112
01111102
22201020
01020200
22222000


Round: 44
00111010
01210112
12101112
21111112
01111102
22201020
01020200
22222000

Valid moves for 1:
0, 6
1, 0
1, 2
1, 7
3, 0
6, 0

Player 1: 1, 2

After move by Player 1
00111010
01210112
12101112
21111112
01111102
22101020
01120200
22222000


Round: 45
00111010
01210112
12101112
21111112
01111102
22101020
01120200
22222000

Valid moves for 2:
1, 0
2, 3
5, 3
6, 0
6, 4
7, 1
7, 5
7, 7

Player 2: 7, 1

After move by Player 2
02111010
02210112
12101112
21111112
01111102
22101020
01120200
22222000


Round: 46
02111010
02210112
12101112
21111112
01111102
22101020
01120200
22222000

Valid moves for 1:
0, 6
1, 0
1, 4
1, 7
3, 0
6, 0
7, 0

Player 1: 3, 0

After move by Player 1
02111010
02210112
12101112
11111112
11111102
21101020
01120200
22222000


Round: 47
02111010
02210112
12101112
11111112
11111102
21101020
01120200
22222000

Valid moves for 2:
1, 0
2, 3
2, 5
5, 3
6, 0
6, 4
7, 5
7, 7

Player 2: 2, 5

After move by Player 2
02111010
02210112
12201112
11121112
11112102
21101220
01120200
22222000


Round: 48
02111010
02210112
12201112
11121112
11112102
21101220
01120200
22222000

Valid moves for 1:
0, 5
0, 6
1, 0
1, 4
1, 7
2, 3
2, 7
5, 3
6, 0
7, 0

Player 1: 5, 3

After move by Player 1
02111010
02210112
11111112
11111112
11112102
21101220
01120200
22222000


Round: 49
02111010
02210112
11111112
11111112
11112102
21101220
01120200
22222000

Valid moves for 2:
1, 0
1, 4
2, 3
3, 6
6, 0
6, 4
7, 5
7, 7

Player 2: 2, 3

After move by Player 2
02111010
02210112
11111112
11111112
11112102
22222220
01220200
22222000


Round: 50
02111010
02210112
11111112
11111112
11112102
22222220
01220200
22222000

Valid moves for 1:
0, 5
0, 6
1, 0
1, 4
1, 6
1, 7
6, 0
7, 0

Player 1: 0, 6

After move by Player 1
02111010
02210112
11111112
11111112
11112102
22221220
01220100
22222010


Round: 51
02111010
02210112
11111112
11111112
11112102
22221220
01220100
22222010

Valid moves for 2:
0, 5
1, 0
1, 4
3, 6
6, 0
6, 4
7, 5
7, 7

Player 2: 7, 5

After move by Player 2
02222210
02210222
11111212
11111212
11112202
22221220
01220100
22222010


Round: 52
02222210
02210222
11111212
11111212
11112202
22221220
01220100
22222010

Valid moves for 1:
1, 0
1, 4
1, 6
1, 7
2, 7
3, 6
6, 0
6, 4
7, 0
7, 7

Player 1: 3, 6

After move by Player 1
02222210
02210222
11111212
11111112
11111112
22221220
01220100
22222010


Round: 53
02222210
02210222
11111212
11111112
11111112
22221220
01220100
22222010

Valid moves for 2:
0, 5
1, 0
2, 7
6, 0
6, 4
7, 7

Player 2: 7, 7

After move by Player 2
02222222
02210222
11111212
11111112
11111112
22221220
01220100
22222010


Round: 54
02222222
02210222
11111212
11111112
11111112
22221220
01220100
22222010

Valid moves for 1:
1, 0
1, 4
1, 6
1, 7
2, 7
6, 0
6, 4
7, 0

Player 1: 1, 0

After move by Player 1
02222222
02210222
11111212
11111112
11111112
11221220
11220100
22222010


Round: 55
02222222
02210222
11111212
11111112
11111112
11221220
11220100
22222010

Valid moves for 2:
0, 5
2, 7
6, 0
6, 4

Player 2: 6, 0

After move by Player 2
02222222
22210222
21111212
21111112
21111112
21221220
21220100
22222010


Round: 56
02222222
22210222
21111212
21111112
21111112
21221220
21220100
22222010

Valid moves for 1:
1, 4
1, 6
1, 7
2, 7
6, 4
7, 0

Player 1: 1, 7

After move by Player 1
02222222
22210222
21111212
21111112
21111112
21221210
21220101
22222010


Round: 57
02222222
22210222
21111212
21111112
21111112
21221210
21220101
22222010

Valid moves for 2:
0, 5
1, 6
2, 7
6, 4

Player 2: 1, 6

After move by Player 2
02222222
22210222
21111222
21111122
21111122
21221220
21220121
22222010


Round: 58
02222222
22210222
21111222
21111122
21111122
21221220
21220121
22222010

Valid moves for 1:
0, 7
1, 4
2, 7
7, 0

Player 1: 1, 4

After move by Player 1
02222222
22210222
21111222
21111122
21111122
21211220
21111121
22222010


Round: 59
02222222
22210222
21111222
21111122
21111122
21211220
21111121
22222010

Valid moves for 2:
0, 5
6, 4

Player 2: 0, 5

After move by Player 2
02222222
22210222
21111222
22111122
21211122
21221220
21112221
22222210


Round: 60
02222222
22210222
21111222
22111122
21211122
21221220
21112221
22222210

Valid moves for 1:
0, 7
2, 7
7, 0

Player 1: 7, 0

After move by Player 1
12222222
21210222
21111222
22111122
21211122
21221220
21112221
22222210


Round: 61
12222222
21210222
21111222
22111122
21211122
21221220
21112221
22222210

Valid moves for 2:
0, 7
6, 4

Player 2: 6, 4

After move by Player 2
12222222
21222222
21122222
22212122
22212122
21222220
21112221
22222210


Round: 62
12222222
21222222
21122222
22212122
22212122
21222220
21112221
22222210

Valid moves for 1:
0, 7
2, 7

Player 1: 2, 7

After move by Player 1
12222222
21222222
21122222
22212122
22212112
21111111
21112221
22222210


Round: 63
12222222
21222222
21122222
22212122
22212112
21111111
21112221
22222210

Valid moves for 2:
0, 7

Player 2: 0, 7

After move by Player 2
12222222
21222222
21122222
22212122
22212112
21111112
21112222
22222222


Round: 64
12222222
21222222
21122222
22212122
22212112
21111112
21112222
22222222

Valid moves for 1:

Player 1 can't move

Round: 64
12222222
21222222
21122222
22212122
22212112
21111112
21112222
22222222

Valid moves for 2:

Player 2 can't move

Black: 18
White: 46

